C:\Users\AVIV\anaconda3\envs\pSTS_through_unsupervised_learning\python.exe C:/Users/AVIV/Roie/Galit_Project/pSTS_through_unsupervised_learning/MTCNN/Center_Faces_runner.py
C:\Users\AVIV\Roie\Galit_Project\pSTS_through_unsupervised_learning\demo_data\demo_after_flattening\**\*.jpg
Center Videos:: 0it [00:00, ?it/s]before 31645
[1]
Center Videos:: 16it [03:58, 14.95s/it][1]
Center Videos:: 17it [04:23, 17.77s/it][1]
Center Videos:: 23it [05:22,  9.75s/it][1]
Center Videos:: 25it [05:39,  9.32s/it][1]
[1]
[1]
[1]
[1]
Center Videos:: 26it [05:49,  9.44s/it][1]
[1]
Center Videos:: 28it [06:09, 10.10s/it][1]
[1]
[1]
[1]
[1]
[1]
[1]
Center Videos:: 29it [06:17,  9.45s/it][1]
Center Videos:: 30it [06:28,  9.80s/it][1]
[1]
Center Videos:: 34it [07:04,  9.17s/it][1]
Center Videos:: 36it [07:30, 10.71s/it][1]
Center Videos:: 37it [07:41, 10.71s/it][1]
[1]
[1]
[1]
[1]
[1]
[1]
[1]
[1]
[1]
[1]
Center Videos:: 38it [07:51, 10.54s/it][1]
[1]
[1]
Center Videos:: 39it [07:59,  9.72s/it][1]
[1]
[1]
[1]
Center Videos:: 43it [08:34,  9.38s/it][1]
[1]
Center Videos:: 45it [08:52,  9.15s/it][1]
[1]
[1]
Center Videos:: 46it [09:02,  9.33s/it][1]
[1]
[1]
[1]
[1]
[1]
[1]
[1]
[1]
Center Videos:: 50it [09:47, 11.20s/it][1]
[1]
Center Videos:: 58it [11:21, 14.73s/it][1]
Center Videos:: 59it [11:59, 21.70s/it][1]
[1]
[1]
[1]
[1]
Center Videos:: 63it [13:43, 24.87s/it][1]
[1]
[1]
[1]
[1]
[1]
[1]
[1]
[1]
[1]
[1]
[1]
[1]
[1]
[1]
[1]
[1]
[1]
[1]
[1]
[1]
[1]
[1]
[1]
[1]
[1]
[1]
[1]
[1]
[1]
[1]
[1]
[1]
Center Videos:: 69it [15:24, 17.34s/it][1]
Center Videos:: 78it [18:13, 16.59s/it][1]
[1]
[1]
[1]
[1]
[1]
[1]
[1]
[1]
[1]
[1]
[1]
[1]
[1]
[1]
[1]
[1]
[1]
[1]
[1]
[1]
[1]
[1]
[1]
[1]
[1]
[1]
[1]
[1]
[1]
[1]
[1]
[1]
Center Videos:: 79it [18:23, 14.53s/it][1]
Center Videos:: 80it [18:31, 12.66s/it][1]
[1]
[1]
[1]
[1]
[1]
[1]
[1]
[1]
[1]
[1]
[1]
[1]
[1]
[1]
[1]
[1]
[1]
[1]
[1]
[1]
[1]
[1]
[1]
[1]
[1]
[1]
[1]
[1]
[1]
[1]
[1]
[1]
[1]
[1]
[1]
[1]
[1]
[1]
[1]
[1]
[1]
[1]
[1]
[1]
[1]
[1]
[1]
[1]
[1]
[1]
[1]
[1]
[1]
[1]
[1]
[1]
[1]
[1]
[1]
[1]
[1]
[1]
[1]
[1]
[1]
[1]
[1]
[1]
[1]
[1]
[1]
[1]
[1]
[1]
[1]
[1]
[1]
[1]
[1]
[1]
[1]
[1]
[1]
[1]
[1]
[1]
[1]
[1]
[1]
[1]
[1]
[1]
[1]
[1]
[1]
[1]
[1]
[1]
[1]
[1]
[1]
[1]
[1]
[1]
[1]
[1]
[1]
[1]
[1]
[1]
[1]
[1]
[1]
[1]
[1]
[1]
[1]
[1]
[1]
[1]
[1]
[1]
[1]
Center Videos:: 81it [18:44, 12.72s/it][1]
[1]
[1]
[1]
[1]
[1]
[1]
[1]
[1]
[1]
[1]
[1]
[1]
[1]
[1]
[1]
[1]
[1]
[1]
[1]
[1]
[1]
[1]
[1]
[1]
[1]
[1]
[1]
[1]
[1]
[1]
[1]
[1]
[1]
[1]
[1]
[1]
[1]
[1]
[1]
[1]
[1]
[1]
[1]
[1]
[1]
[1]
[1]
[1]
[1]
[1]
[1]
[1]
[1]
[1]
[1]
[1]
[1]
[1]
[1]
[1]
[1]
[1]
[1]
[1]
[1]
[1]
[1]
[1]
Center Videos:: 82it [18:55, 12.25s/it][1]
[1]
[1]
[1]
[1]
[1]
[1]
[1]
[1]
[1]
[1]
[1]
[1]
[1]
[1]
[1]
[1]
[1]
[1]
[1]
[1]
[1]
[1]
[1]
[1]
[1]
[1]
[1]
[1]
[1]
[1]
[1]
[1]
[1]
[1]
[1]
[1]
[1]
[1]
[1]
[1]
[1]
[1]
[1]
[1]
[1]
[1]
[1]
[1]
[1]
[1]
[1]
[1]
[1]
[1]
[1]
[1]
[1]
[1]
[1]
[1]
[1]
[1]
[1]
[1]
[1]
[1]
[1]
[1]
[1]
[1]
[1]
[1]
[1]
[1]
[1]
[1]
[1]
[1]
[1]
[1]
[1]
[1]
[1]
[1]
[1]
[1]
[1]
[1]
[1]
[1]
[1]
[1]
[1]
[1]
[1]
[1]
[1]
[1]
[1]
[1]
[1]
[1]
[1]
[1]
[1]
[1]
[1]
[1]
[1]
[1]
[1]
[1]
[1]
[1]
[1]
[1]
[1]
[1]
[1]
[1]
[1]
[1]
[1]
[1]
[1]
Center Videos:: 83it [19:04, 11.18s/it][1]
[1]
[1]
[1]
[1]
[1]
[1]
[1]
[1]
[1]
[1]
[1]
[1]
[1]
[1]
[1]
[1]
[1]
[1]
[1]
[1]
[1]
[1]
[1]
[1]
[1]
[1]
[1]
[1]
[1]
[1]
[1]
[1]
[1]
[1]
[1]
[1]
[1]
[1]
[1]
[1]
[1]
[1]
[1]
[1]
[1]
[1]
[1]
[1]
[1]
[1]
[1]
[1]
[1]
[1]
[1]
[1]
[1]
[1]
[1]
[1]
[1]
[1]
[1]
[1]
[1]
[1]
[1]
[1]
[1]
[1]
[1]
[1]
[1]
[1]
[1]
[1]
[1]
[1]
[1]
[1]
[1]
[1]
[1]
[1]
[1]
[1]
[1]
[1]
[1]
[1]
[1]
[1]
[1]
[1]
[1]
[1]
[1]
[1]
[1]
[1]
[1]
[1]
[1]
[1]
[1]
[1]
[1]
[1]
[1]
[1]
[1]
[1]
[1]
[1]
[1]
[1]
[1]
[1]
[1]
[1]
[1]
[1]
[1]
[1]
[1]
[1]
[1]
[1]
[1]
[1]
[1]
[1]
[1]
[1]
[1]
[1]
[1]
[1]
[1]
[1]
[1]
[1]
[1]
[1]
[1]
[1]
[1]
[1]
[1]
[1]
[1]
[1]
[1]
[1]
[1]
[1]
[1]
[1]
[1]
[1]
[1]
[1]
[1]
[1]
[1]
[1]
[1]
[1]
[1]
[1]
[1]
[1]
[1]
[1]
[1]
[1]
[1]
[1]
[1]
[1]
[1]
[1]
[1]
[1]
[1]
[1]
[1]
[1]
[1]
[1]
Center Videos:: 84it [19:25, 14.22s/it][1]
[1]
[1]
[1]
Center Videos:: 96it [22:23, 12.89s/it][1]
[1]
[1]
[1]
[1]
[1]
[1]
[1]
[1]
Center Videos:: 97it [22:32, 11.76s/it][1]
[1]
[1]
[1]
[1]
[1]
[1]
[1]
Center Videos:: 98it [22:42, 11.33s/it][1]
[1]
[1]
[1]
[1]
[1]
Center Videos:: 99it [23:13, 17.01s/it][1]
[1]
[1]
[1]
[1]
[1]
[1]
[1]
[1]
[1]
[1]
[1]
[1]
[1]
[1]
[1]
[1]
[1]
[1]
[1]
[1]
[1]
[1]
[1]
Center Videos:: 100it [23:24, 15.41s/it][1]
[1]
[1]
[1]
[1]
[1]
[1]
[1]
[1]
[1]
[1]
[1]
[1]
[1]
[1]
[1]
[1]
[1]
[1]
[1]
[1]
[1]
[1]
[1]
[1]
[1]
[1]
[1]
[1]
[1]
[1]
[1]
[1]
[1]
[1]
[1]
[1]
[1]
[1]
[1]
[1]
[1]
[1]
[1]
[1]
[1]
[1]
[1]
[1]
[1]
[1]
[1]
[1]
[1]
[1]
[1]
[1]
[1]
[1]
[1]
[1]
[1]
[1]
[1]
[1]
[1]
[1]
Center Videos:: 118it [27:18,  9.76s/it][1]
Center Videos:: 129it [29:36, 13.44s/it][1]
[1]
[1]
[1]
[1]
[1]
[1]
[1]
[1]
[1]
[1]
[1]
[1]
[1]
[1]
[1]
[1]
[1]
[1]
[1]
[1]
[1]
[1]
[1]
[1]
[1]
[1]
[1]
[1]
[1]
[1]
[1]
[1]
[1]
[1]
[1]
[1]
[1]
[1]
[1]
[1]
[1]
[1]
[1]
[1]
[1]
[1]
[1]
[1]
[1]
[1]
[1]
[1]
[1]
[1]
[1]
[1]
[1]
[1]
[1]
[1]
[1]
[1]
[1]
[1]
[1]
[1]
[1]
[1]
[1]
[1]
[1]
[1]
[1]
[1]
[1]
[1]
[1]
[1]
[1]
[1]
[1]
[1]
Center Videos:: 131it [29:51, 10.32s/it][1]
[1]
[1]
Center Videos:: 132it [30:07, 12.04s/it][1]
[1]
Center Videos:: 133it [30:15, 10.83s/it][1]
[1]
[1]
[1]
Center Videos:: 134it [30:23, 10.14s/it][1]
Center Videos:: 142it [31:28,  7.94s/it][1]
Center Videos:: 148it [32:28,  9.31s/it][1]
Center Videos:: 153it [33:21,  9.93s/it][1]
[1]
[1]
[1]
Center Videos:: 154it [33:28,  9.22s/it][1]
[1]
[1]
[1]
[1]
[1]
[1]
[1]
[1]
[1]
[1]
[1]
[1]
[1]
[1]
[1]
[1]
[1]
[1]
[1]
[1]
[1]
[1]
[1]
[1]
[1]
[1]
[1]
[1]
[1]
[1]
[1]
[1]
[1]
[1]
[1]
[1]
[1]
[1]
[1]
[1]
[1]
[1]
[1]
[1]
[1]
[1]
[1]
[1]
[1]
[1]
[1]
[1]
[1]
[1]
[1]
[1]
[1]
Center Videos:: 155it [33:39,  9.61s/it][1]
[1]
[1]
[1]
[1]
[1]
[1]
[1]
[1]
[1]
[1]
[1]
[1]
[1]
[1]
[1]
[1]
[1]
[1]
[1]
[1]
[1]
[1]
[1]
[1]
[1]
[1]
[1]
[1]
[1]
[1]
[1]
[1]
[1]
[1]
[1]
[1]
[1]
[1]
[1]
[1]
[1]
[1]
[1]
[1]
[1]
[1]
[1]
[1]
[1]
[1]
[1]
[1]
[1]
[1]
[1]
Center Videos:: 156it [33:49,  9.82s/it][1]
[1]
[1]
[1]
[1]
[1]
[1]
[1]
[1]
[1]
[1]
[1]
[1]
[1]
[1]
[1]
[1]
[1]
[1]
[1]
[1]
[1]
[1]
[1]
[1]
Center Videos:: 157it [33:56,  8.92s/it][1]
[1]
Center Videos:: 158it [34:04,  8.79s/it][1]
[1]
[1]
[1]
[1]
[1]
[1]
[1]
[1]
[1]
[1]
[1]
[1]
[1]
[1]
[1]
[1]
[1]
[1]
[1]
[1]
[1]
[1]
[1]
[1]
[1]
Center Videos:: 159it [34:15,  9.19s/it][1]
[1]
[1]
[1]
[1]
[1]
[1]
[1]
[1]
[1]
Center Videos:: 161it [34:37, 10.31s/it][1]
[1]
[1]
[1]
[1]
[1]
[1]
[1]
[1]
[1]
[1]
[1]
[1]
[1]
[1]
[1]
[1]
[1]
[1]
[1]
[1]
[1]
[1]
[1]
[1]
[1]
[1]
[1]
[1]
Center Videos:: 163it [34:56,  9.73s/it][1]
Center Videos:: 164it [35:04,  9.19s/it][1]
[1]
[1]
[1]
[1]
[1]
[1]
[1]
[1]
[1]
[1]
[1]
[1]
[1]
[1]
[1]
[1]
[1]
[1]
[1]
[1]
[1]
[1]
[1]
[1]
[1]
[1]
[1]
[1]
[1]
[1]
[1]
[1]
[1]
[1]
[1]
Center Videos:: 165it [35:14,  9.69s/it][1]
[1]
[1]
[1]
Center Videos:: 166it [35:22,  9.15s/it][1]
[1]
[1]
[1]
[1]
[1]
[1]
[1]
[1]
[1]
[1]
[1]
[1]
[1]
[1]
[1]
[1]
[1]
[1]
[1]
[1]
[1]
[1]
[1]
[1]
[1]
[1]
[1]
[1]
[1]
[1]
[1]
[1]
[1]
[1]
[1]
[1]
[1]
[1]
[1]
[1]
[1]
[1]
[1]
[1]
Center Videos:: 167it [35:33,  9.58s/it][1]
[1]
[1]
[1]
[1]
[1]
[1]
[1]
[1]
[1]
[1]
[1]
[1]
[1]
[1]
[1]
[1]
[1]
[1]
[1]
[1]
[1]
[1]
[1]
[1]
[1]
[1]
[1]
[1]
Center Videos:: 181it [38:47, 10.51s/it][1]
Center Videos:: 183it [39:09, 12.84s/it]
after 60663
diff 2627

Process finished with exit code 0
